SHX_C11: 10,418,48,120
SHX_A13: 296,471,48,35
SHX_A11: 299,510,51,35
SHX_INTERIOR4: 631,573,48,35
SHX_C07: 319,176,54,121
SHX_A14: 350,476,48,35
SHX_INTERIOR9: 851,596,48,195
SHX_INTERIOR8: 644,1003,204,35
SHX_INTERIOR2: 585,936,100,75
SHX_INTERIOR6: 560,599,48,35
SHX_INTERIOR5: 563,1010,48,35
SHX_INTERIOR10: 695,1107,152,75
SHX_D01: 60,495,201,35
SHX_CRANE: 579,771,152,35
SHX_A25: 250,508,48,35
SHX_A12: 349,509,48,35
SHX_A15: 338,544,48,35
SHX_C02: 400,477,164,35
SHX_INTERIOR1: 565,896,48,35
SHX_C03: 412,706,162,35
