HIX_C03: 343,845,54,121
HIX_B14: 398,854,54,78
HIX_B08: 13,844,100,35
HIX_C01: 10,722,54,121
HIX_B02: 10,1191,54,78
HIX_C01X: 495,584,152,75
HIX_C13: 657,887,152,35
HIX_S06: 711,922,48,35
HIX_A11: 287,847,48,35
HIX_C04: 119,847,62,121
HIX_B15: 221,462,104,35
HIX_A01X: 405,824,48,35
HIX_E01X: 414,517,178,95
HIX_B06: 179,843,100,37
HIX_B09_A: 295,748,59,40
HIX_B07: 356,766,132,75
HIX_B03: 66,766,162,37
HIX_A10: 214,767,48,35
HIX_C11: 193,634,158,120
HIX_S05: 245,772,48,35
HIX_C02X: 182,235,100,75
HIX_B09_B: 296,725,106,41
HIX_D01: 449,826,208,95
